[[0.04295548, 0.95584516, -0.96807816, 0.97116162, 0.9778903, 0.65763463, -0.68464669], [0.16082985, 1.11182696, -0.92183762, 0.3794195, 1.23, 0.47523424, -0.27413472]]
[[0.04295548, 0.95584516, -0.96807816, 0.97116162, 0.9778903, 0.65763463, -0.68464669], [0.09952304, 1.09863569, -0.88496722, 0.38292964, 1.23, 0.41536308, -0.38031438]]
[[0.04295548, 0.95584516, -0.96807816, 0.97116162, 0.9778903, 0.65763463, -0.68464669], [0.10052545, 1.06389854, -1.09858978, 0.48121717, 0.76275836, 1.38780074, 0.79727844]]
[[0.04295548, 0.95584516, -0.96807816, 0.97116162, 0.9778903, 0.65763463, -0.68464669], [-0.45014853, 1.59318377, 0.4554682, 0.6065858, -0.38585459, 0.53452102, 0.00784768]]
[[0.04295548, 0.95584516, -0.96807816, 0.97116162, 0.9778903, 0.65763463, -0.68464669], [-0.34010213, 1.6881081, 0.98402557, 0.51367941, -2.39890266, -0.58455747, 1.01213727]]
[[0.04295548, 0.95584516, -0.96807816, 0.97116162, 0.9778903, 0.65763463, -0.68464669], [-0.22101804, 1.66367157, 1.09508804, 0.56299024, -2.89040372, -0.59143963, 1.31477334]]
[[0.04295548, 0.95584516, -0.96807816, 0.97116162, 0.9778903, 0.65763463, -0.68464669], [-0.67729868, 1.64146044, 1.12373694, 0.91912803, -3.17152523, -0.89928808, 1.388017]]
[[0.04295548, 0.95584516, -0.96807816, 0.97116162, 0.9778903, 0.65763463, -0.68464669], [-1.36399638, 1.91753362, 1.32779556, 2.07333031, 0.8333524, 0.08067977, -2.31735325]]
[[0.04295548, 0.95584516, -0.96807816, 0.97116162, 0.9778903, 0.65763463, -0.68464669], [-0.87877812, 1.64645585, 1.34329545, 1.62880413, 0.84055928, -0.0062247, -2.29039162]]
[[0.04295548, 0.95584516, -0.96807816, 0.97116162, 0.9778903, 0.65763463, -0.68464669], [1.38153424, 1.78324208, 0.18278696, 0.43210283, -1.62168076, 1.01491547, 2.18338891]]
[[0.04295548, 0.95584516, -0.96807816, 0.97116162, 0.9778903, 0.65763463, -0.68464669], [1.60174351, 1.74358664, 0.12658995, 0.20548551, -1.48280243, 0.92108951, 2.38725579]]
[[0.04295548, 0.95584516, -0.96807816, 0.97116162, 0.9778903, 0.65763463, -0.68464669], [1.9937845, 1.52197993, 0.44538624, 1.10392873, -1.28498349, 1.32703383, 2.49745328]]
[[0.04295548, 0.95584516, -0.96807816, 0.97116162, 0.9778903, 0.65763463, -0.68464669], [-1.29228216, -1.90587936, 1.65480383, 0.20854488, 0.6896924, 0.52053023, -2.4882973]]
[[0.16082985, 1.11182696, -0.92183762, 0.3794195, 1.23, 0.47523424, -0.27413472], [0.09952304, 1.09863569, -0.88496722, 0.38292964, 1.23, 0.41536308, -0.38031438]]
[[0.16082985, 1.11182696, -0.92183762, 0.3794195, 1.23, 0.47523424, -0.27413472], [0.10052545, 1.06389854, -1.09858978, 0.48121717, 0.76275836, 1.38780074, 0.79727844]]
[[0.16082985, 1.11182696, -0.92183762, 0.3794195, 1.23, 0.47523424, -0.27413472], [-0.45014853, 1.59318377, 0.4554682, 0.6065858, -0.38585459, 0.53452102, 0.00784768]]
[[0.16082985, 1.11182696, -0.92183762, 0.3794195, 1.23, 0.47523424, -0.27413472], [-0.34010213, 1.6881081, 0.98402557, 0.51367941, -2.39890266, -0.58455747, 1.01213727]]
[[0.16082985, 1.11182696, -0.92183762, 0.3794195, 1.23, 0.47523424, -0.27413472], [-0.22101804, 1.66367157, 1.09508804, 0.56299024, -2.89040372, -0.59143963, 1.31477334]]
[[0.16082985, 1.11182696, -0.92183762, 0.3794195, 1.23, 0.47523424, -0.27413472], [-0.67729868, 1.64146044, 1.12373694, 0.91912803, -3.17152523, -0.89928808, 1.388017]]
[[0.16082985, 1.11182696, -0.92183762, 0.3794195, 1.23, 0.47523424, -0.27413472], [-1.36399638, 1.91753362, 1.32779556, 2.07333031, 0.8333524, 0.08067977, -2.31735325]]
[[0.16082985, 1.11182696, -0.92183762, 0.3794195, 1.23, 0.47523424, -0.27413472], [-0.87877812, 1.64645585, 1.34329545, 1.62880413, 0.84055928, -0.0062247, -2.29039162]]
[[0.16082985, 1.11182696, -0.92183762, 0.3794195, 1.23, 0.47523424, -0.27413472], [1.38153424, 1.78324208, 0.18278696, 0.43210283, -1.62168076, 1.01491547, 2.18338891]]
[[0.16082985, 1.11182696, -0.92183762, 0.3794195, 1.23, 0.47523424, -0.27413472], [1.60174351, 1.74358664, 0.12658995, 0.20548551, -1.48280243, 0.92108951, 2.38725579]]
[[0.16082985, 1.11182696, -0.92183762, 0.3794195, 1.23, 0.47523424, -0.27413472], [1.9937845, 1.52197993, 0.44538624, 1.10392873, -1.28498349, 1.32703383, 2.49745328]]
[[0.16082985, 1.11182696, -0.92183762, 0.3794195, 1.23, 0.47523424, -0.27413472], [-1.29228216, -1.90587936, 1.65480383, 0.20854488, 0.6896924, 0.52053023, -2.4882973]]
[[0.09952304, 1.09863569, -0.88496722, 0.38292964, 1.23, 0.41536308, -0.38031438], [0.10052545, 1.06389854, -1.09858978, 0.48121717, 0.76275836, 1.38780074, 0.79727844]]
[[0.09952304, 1.09863569, -0.88496722, 0.38292964, 1.23, 0.41536308, -0.38031438], [-0.45014853, 1.59318377, 0.4554682, 0.6065858, -0.38585459, 0.53452102, 0.00784768]]
[[0.09952304, 1.09863569, -0.88496722, 0.38292964, 1.23, 0.41536308, -0.38031438], [-0.34010213, 1.6881081, 0.98402557, 0.51367941, -2.39890266, -0.58455747, 1.01213727]]
[[0.09952304, 1.09863569, -0.88496722, 0.38292964, 1.23, 0.41536308, -0.38031438], [-0.22101804, 1.66367157, 1.09508804, 0.56299024, -2.89040372, -0.59143963, 1.31477334]]
[[0.09952304, 1.09863569, -0.88496722, 0.38292964, 1.23, 0.41536308, -0.38031438], [-0.67729868, 1.64146044, 1.12373694, 0.91912803, -3.17152523, -0.89928808, 1.388017]]
[[0.09952304, 1.09863569, -0.88496722, 0.38292964, 1.23, 0.41536308, -0.38031438], [-1.36399638, 1.91753362, 1.32779556, 2.07333031, 0.8333524, 0.08067977, -2.31735325]]
[[0.09952304, 1.09863569, -0.88496722, 0.38292964, 1.23, 0.41536308, -0.38031438], [-0.87877812, 1.64645585, 1.34329545, 1.62880413, 0.84055928, -0.0062247, -2.29039162]]
[[0.09952304, 1.09863569, -0.88496722, 0.38292964, 1.23, 0.41536308, -0.38031438], [1.38153424, 1.78324208, 0.18278696, 0.43210283, -1.62168076, 1.01491547, 2.18338891]]
[[0.09952304, 1.09863569, -0.88496722, 0.38292964, 1.23, 0.41536308, -0.38031438], [1.60174351, 1.74358664, 0.12658995, 0.20548551, -1.48280243, 0.92108951, 2.38725579]]
[[0.09952304, 1.09863569, -0.88496722, 0.38292964, 1.23, 0.41536308, -0.38031438], [1.9937845, 1.52197993, 0.44538624, 1.10392873, -1.28498349, 1.32703383, 2.49745328]]
[[0.09952304, 1.09863569, -0.88496722, 0.38292964, 1.23, 0.41536308, -0.38031438], [-1.29228216, -1.90587936, 1.65480383, 0.20854488, 0.6896924, 0.52053023, -2.4882973]]
[[0.10052545, 1.06389854, -1.09858978, 0.48121717, 0.76275836, 1.38780074, 0.79727844], [-0.45014853, 1.59318377, 0.4554682, 0.6065858, -0.38585459, 0.53452102, 0.00784768]]
[[0.10052545, 1.06389854, -1.09858978, 0.48121717, 0.76275836, 1.38780074, 0.79727844], [-0.34010213, 1.6881081, 0.98402557, 0.51367941, -2.39890266, -0.58455747, 1.01213727]]
[[0.10052545, 1.06389854, -1.09858978, 0.48121717, 0.76275836, 1.38780074, 0.79727844], [-0.22101804, 1.66367157, 1.09508804, 0.56299024, -2.89040372, -0.59143963, 1.31477334]]
[[0.10052545, 1.06389854, -1.09858978, 0.48121717, 0.76275836, 1.38780074, 0.79727844], [-0.67729868, 1.64146044, 1.12373694, 0.91912803, -3.17152523, -0.89928808, 1.388017]]
[[0.10052545, 1.06389854, -1.09858978, 0.48121717, 0.76275836, 1.38780074, 0.79727844], [-1.36399638, 1.91753362, 1.32779556, 2.07333031, 0.8333524, 0.08067977, -2.31735325]]
[[0.10052545, 1.06389854, -1.09858978, 0.48121717, 0.76275836, 1.38780074, 0.79727844], [-0.87877812, 1.64645585, 1.34329545, 1.62880413, 0.84055928, -0.0062247, -2.29039162]]
[[0.10052545, 1.06389854, -1.09858978, 0.48121717, 0.76275836, 1.38780074, 0.79727844], [1.38153424, 1.78324208, 0.18278696, 0.43210283, -1.62168076, 1.01491547, 2.18338891]]
[[0.10052545, 1.06389854, -1.09858978, 0.48121717, 0.76275836, 1.38780074, 0.79727844], [1.60174351, 1.74358664, 0.12658995, 0.20548551, -1.48280243, 0.92108951, 2.38725579]]
[[0.10052545, 1.06389854, -1.09858978, 0.48121717, 0.76275836, 1.38780074, 0.79727844], [1.9937845, 1.52197993, 0.44538624, 1.10392873, -1.28498349, 1.32703383, 2.49745328]]
[[0.10052545, 1.06389854, -1.09858978, 0.48121717, 0.76275836, 1.38780074, 0.79727844], [-1.29228216, -1.90587936, 1.65480383, 0.20854488, 0.6896924, 0.52053023, -2.4882973]]
[[-0.45014853, 1.59318377, 0.4554682, 0.6065858, -0.38585459, 0.53452102, 0.00784768], [-0.34010213, 1.6881081, 0.98402557, 0.51367941, -2.39890266, -0.58455747, 1.01213727]]
[[-0.45014853, 1.59318377, 0.4554682, 0.6065858, -0.38585459, 0.53452102, 0.00784768], [-0.22101804, 1.66367157, 1.09508804, 0.56299024, -2.89040372, -0.59143963, 1.31477334]]
[[-0.45014853, 1.59318377, 0.4554682, 0.6065858, -0.38585459, 0.53452102, 0.00784768], [-0.67729868, 1.64146044, 1.12373694, 0.91912803, -3.17152523, -0.89928808, 1.388017]]
[[-0.45014853, 1.59318377, 0.4554682, 0.6065858, -0.38585459, 0.53452102, 0.00784768], [-1.36399638, 1.91753362, 1.32779556, 2.07333031, 0.8333524, 0.08067977, -2.31735325]]
[[-0.45014853, 1.59318377, 0.4554682, 0.6065858, -0.38585459, 0.53452102, 0.00784768], [-0.87877812, 1.64645585, 1.34329545, 1.62880413, 0.84055928, -0.0062247, -2.29039162]]
[[-0.45014853, 1.59318377, 0.4554682, 0.6065858, -0.38585459, 0.53452102, 0.00784768], [1.38153424, 1.78324208, 0.18278696, 0.43210283, -1.62168076, 1.01491547, 2.18338891]]
[[-0.45014853, 1.59318377, 0.4554682, 0.6065858, -0.38585459, 0.53452102, 0.00784768], [1.60174351, 1.74358664, 0.12658995, 0.20548551, -1.48280243, 0.92108951, 2.38725579]]
[[-0.45014853, 1.59318377, 0.4554682, 0.6065858, -0.38585459, 0.53452102, 0.00784768], [1.9937845, 1.52197993, 0.44538624, 1.10392873, -1.28498349, 1.32703383, 2.49745328]]
[[-0.45014853, 1.59318377, 0.4554682, 0.6065858, -0.38585459, 0.53452102, 0.00784768], [-1.29228216, -1.90587936, 1.65480383, 0.20854488, 0.6896924, 0.52053023, -2.4882973]]
[[-0.34010213, 1.6881081, 0.98402557, 0.51367941, -2.39890266, -0.58455747, 1.01213727], [-0.22101804, 1.66367157, 1.09508804, 0.56299024, -2.89040372, -0.59143963, 1.31477334]]
[[-0.34010213, 1.6881081, 0.98402557, 0.51367941, -2.39890266, -0.58455747, 1.01213727], [-0.67729868, 1.64146044, 1.12373694, 0.91912803, -3.17152523, -0.89928808, 1.388017]]
[[-0.34010213, 1.6881081, 0.98402557, 0.51367941, -2.39890266, -0.58455747, 1.01213727], [-1.36399638, 1.91753362, 1.32779556, 2.07333031, 0.8333524, 0.08067977, -2.31735325]]
[[-0.34010213, 1.6881081, 0.98402557, 0.51367941, -2.39890266, -0.58455747, 1.01213727], [-0.87877812, 1.64645585, 1.34329545, 1.62880413, 0.84055928, -0.0062247, -2.29039162]]
[[-0.34010213, 1.6881081, 0.98402557, 0.51367941, -2.39890266, -0.58455747, 1.01213727], [1.38153424, 1.78324208, 0.18278696, 0.43210283, -1.62168076, 1.01491547, 2.18338891]]
[[-0.34010213, 1.6881081, 0.98402557, 0.51367941, -2.39890266, -0.58455747, 1.01213727], [1.60174351, 1.74358664, 0.12658995, 0.20548551, -1.48280243, 0.92108951, 2.38725579]]
[[-0.34010213, 1.6881081, 0.98402557, 0.51367941, -2.39890266, -0.58455747, 1.01213727], [1.9937845, 1.52197993, 0.44538624, 1.10392873, -1.28498349, 1.32703383, 2.49745328]]
[[-0.34010213, 1.6881081, 0.98402557, 0.51367941, -2.39890266, -0.58455747, 1.01213727], [-1.29228216, -1.90587936, 1.65480383, 0.20854488, 0.6896924, 0.52053023, -2.4882973]]
[[-0.22101804, 1.66367157, 1.09508804, 0.56299024, -2.89040372, -0.59143963, 1.31477334], [-0.67729868, 1.64146044, 1.12373694, 0.91912803, -3.17152523, -0.89928808, 1.388017]]
[[-0.22101804, 1.66367157, 1.09508804, 0.56299024, -2.89040372, -0.59143963, 1.31477334], [-1.36399638, 1.91753362, 1.32779556, 2.07333031, 0.8333524, 0.08067977, -2.31735325]]
[[-0.22101804, 1.66367157, 1.09508804, 0.56299024, -2.89040372, -0.59143963, 1.31477334], [-0.87877812, 1.64645585, 1.34329545, 1.62880413, 0.84055928, -0.0062247, -2.29039162]]
[[-0.22101804, 1.66367157, 1.09508804, 0.56299024, -2.89040372, -0.59143963, 1.31477334], [1.38153424, 1.78324208, 0.18278696, 0.43210283, -1.62168076, 1.01491547, 2.18338891]]
[[-0.22101804, 1.66367157, 1.09508804, 0.56299024, -2.89040372, -0.59143963, 1.31477334], [1.60174351, 1.74358664, 0.12658995, 0.20548551, -1.48280243, 0.92108951, 2.38725579]]
[[-0.22101804, 1.66367157, 1.09508804, 0.56299024, -2.89040372, -0.59143963, 1.31477334], [1.9937845, 1.52197993, 0.44538624, 1.10392873, -1.28498349, 1.32703383, 2.49745328]]
[[-0.22101804, 1.66367157, 1.09508804, 0.56299024, -2.89040372, -0.59143963, 1.31477334], [-1.29228216, -1.90587936, 1.65480383, 0.20854488, 0.6896924, 0.52053023, -2.4882973]]
[[-0.67729868, 1.64146044, 1.12373694, 0.91912803, -3.17152523, -0.89928808, 1.388017], [-1.36399638, 1.91753362, 1.32779556, 2.07333031, 0.8333524, 0.08067977, -2.31735325]]
[[-0.67729868, 1.64146044, 1.12373694, 0.91912803, -3.17152523, -0.89928808, 1.388017], [-0.87877812, 1.64645585, 1.34329545, 1.62880413, 0.84055928, -0.0062247, -2.29039162]]
[[-0.67729868, 1.64146044, 1.12373694, 0.91912803, -3.17152523, -0.89928808, 1.388017], [1.38153424, 1.78324208, 0.18278696, 0.43210283, -1.62168076, 1.01491547, 2.18338891]]
[[-0.67729868, 1.64146044, 1.12373694, 0.91912803, -3.17152523, -0.89928808, 1.388017], [1.60174351, 1.74358664, 0.12658995, 0.20548551, -1.48280243, 0.92108951, 2.38725579]]
[[-0.67729868, 1.64146044, 1.12373694, 0.91912803, -3.17152523, -0.89928808, 1.388017], [1.9937845, 1.52197993, 0.44538624, 1.10392873, -1.28498349, 1.32703383, 2.49745328]]
[[-0.67729868, 1.64146044, 1.12373694, 0.91912803, -3.17152523, -0.89928808, 1.388017], [-1.29228216, -1.90587936, 1.65480383, 0.20854488, 0.6896924, 0.52053023, -2.4882973]]
[[-1.36399638, 1.91753362, 1.32779556, 2.07333031, 0.8333524, 0.08067977, -2.31735325], [-0.87877812, 1.64645585, 1.34329545, 1.62880413, 0.84055928, -0.0062247, -2.29039162]]
[[-1.36399638, 1.91753362, 1.32779556, 2.07333031, 0.8333524, 0.08067977, -2.31735325], [1.38153424, 1.78324208, 0.18278696, 0.43210283, -1.62168076, 1.01491547, 2.18338891]]
[[-1.36399638, 1.91753362, 1.32779556, 2.07333031, 0.8333524, 0.08067977, -2.31735325], [1.60174351, 1.74358664, 0.12658995, 0.20548551, -1.48280243, 0.92108951, 2.38725579]]
[[-1.36399638, 1.91753362, 1.32779556, 2.07333031, 0.8333524, 0.08067977, -2.31735325], [1.9937845, 1.52197993, 0.44538624, 1.10392873, -1.28498349, 1.32703383, 2.49745328]]
[[-1.36399638, 1.91753362, 1.32779556, 2.07333031, 0.8333524, 0.08067977, -2.31735325], [-1.29228216, -1.90587936, 1.65480383, 0.20854488, 0.6896924, 0.52053023, -2.4882973]]
[[-0.87877812, 1.64645585, 1.34329545, 1.62880413, 0.84055928, -0.0062247, -2.29039162], [1.38153424, 1.78324208, 0.18278696, 0.43210283, -1.62168076, 1.01491547, 2.18338891]]
[[-0.87877812, 1.64645585, 1.34329545, 1.62880413, 0.84055928, -0.0062247, -2.29039162], [1.60174351, 1.74358664, 0.12658995, 0.20548551, -1.48280243, 0.92108951, 2.38725579]]
[[-0.87877812, 1.64645585, 1.34329545, 1.62880413, 0.84055928, -0.0062247, -2.29039162], [1.9937845, 1.52197993, 0.44538624, 1.10392873, -1.28498349, 1.32703383, 2.49745328]]
[[-0.87877812, 1.64645585, 1.34329545, 1.62880413, 0.84055928, -0.0062247, -2.29039162], [-1.29228216, -1.90587936, 1.65480383, 0.20854488, 0.6896924, 0.52053023, -2.4882973]]
[[1.38153424, 1.78324208, 0.18278696, 0.43210283, -1.62168076, 1.01491547, 2.18338891], [1.60174351, 1.74358664, 0.12658995, 0.20548551, -1.48280243, 0.92108951, 2.38725579]]
[[1.38153424, 1.78324208, 0.18278696, 0.43210283, -1.62168076, 1.01491547, 2.18338891], [1.9937845, 1.52197993, 0.44538624, 1.10392873, -1.28498349, 1.32703383, 2.49745328]]
[[1.38153424, 1.78324208, 0.18278696, 0.43210283, -1.62168076, 1.01491547, 2.18338891], [-1.29228216, -1.90587936, 1.65480383, 0.20854488, 0.6896924, 0.52053023, -2.4882973]]
[[1.60174351, 1.74358664, 0.12658995, 0.20548551, -1.48280243, 0.92108951, 2.38725579], [1.9937845, 1.52197993, 0.44538624, 1.10392873, -1.28498349, 1.32703383, 2.49745328]]
[[1.60174351, 1.74358664, 0.12658995, 0.20548551, -1.48280243, 0.92108951, 2.38725579], [-1.29228216, -1.90587936, 1.65480383, 0.20854488, 0.6896924, 0.52053023, -2.4882973]]
[[1.9937845, 1.52197993, 0.44538624, 1.10392873, -1.28498349, 1.32703383, 2.49745328], [-1.29228216, -1.90587936, 1.65480383, 0.20854488, 0.6896924, 0.52053023, -2.4882973]]
